Comment	FUNCNO	FWD	TRN	KP	KI	KD	NOBLNCE	SCJFN	SCT	SCD	SCR	SCC	SCV	SCX	SCY	ACAF	CAPX	CAPY	CAPR
LAPゲートまで進む	2	100	0	3.6	0	100	1	128	0	480	0	0	0	0	0					
a	2	100	0	6.4	0	100	1	128	0	435	0	0	0	0	0					
b	2	100	0	3.6	0	100	1	128	0	420	0	0	0	0	0					
c	2	100	0	6.4	0	100	1	128	0	500	0	0	0	0	0					
d	2	100	0	3.6	0	100	1	128	0	300	0	0	0	0	0					
e	2	100	0	6.4	0	100	1	128	0	600	0	0	0	0	0					
f	2	100	0	6.4	0	100	1	128	0	600	0	0	0	0	0					
0	2	100	0	6.4	0	100	1	128	0	1200	0	0	0	0	0					
直線	2	100	0	3.6	0	100	1	128	0	600	0	0	0	0	0					
ボトルデリバリー色検知	0	0	0	0	0	0	0	0	0	0	0	0	0	0	0					
色検知	2	80	0	3.6	0	100	1	16	0	0	0	3	0	0	0	0					
LAP以降	2	50	0	8	0	100	1	128	0	800	0	0	0	0	0					
旋回	3	0	-200	0	0	0	1	32	0	0	-40	0	0	0	0					
ヒントカード1	5	0	0	0	0	0	1	1	5000	0	0	0	0	0	0					
黒復帰	3	0	150	0	0	0	1	16	0	0	0	2	0	0	0	0					
a	1	50	0	8	0	100	1	128	0	1500	0	0	0	0	0					
ヒントカード2	1	0	0	0	0	0	1	1	5000	0	0	0	0	0	0					
色検知	1	50	0	12	0	100	1	16	0	0	0	3	0	0	0	0					
30旋回	3	0	-150	0	0	0	1	32	0	0	-30	0	0	0	0					
50進む	5	60	0	0	0	0	1	128	0	50	0	0	0	0	0					
30旋回	3	0	-150	0	0	0	1	32	0	0	-30	0	0	0	0					
50進む	5	60	0	0	0	0	1	128	0	50	0	0	0	0	0					
30旋回	3	0	-150	0	0	0	1	32	0	0	-45	0	0	0	0					
ボトル置き前進	5	60	0	0	0	0	1	128	0	150	0	0	0	0	0					
後退	5	-60	0	0	0	0	1	128	0	-160	0	0	0	0	0					
旋回	3	0	100	0	0	0	1	32	0	0	90	0	0	0	0					
直進	1	60	0	3.6	0	100	1	128	0	450	0	0	0	0	0					
青検知	1	60	0	3.6	0	100	1	16	0	0	0	3	0	0	0	0					
ゲート前調整	1	60	0	3.6	0	100	1	128	0	100	0	0	0	0	0					
方向転換	3	0	90	0	0	0	1	32	0	0	100	0	0	0	0					
直進	5	60	0	0	0	0	1	128	0	1300	0	0	0	0	0					
旋回	3	0	-150	0	0	0	1	32	0	0	-60	0	0	0	0					
押し出し	5	60	0	0	0	0	1	128	0	800	0	0	0	0	0					
バック	5	-60	0	0	0	0	1	128	0	-300	0	0	0	0	0					
ライン方向へ旋回	3	0	150	0	0	0	1	32	0	0	60	0	0	0	0					
黒検知	5	60	0	0	0	0	1	16	0	0	0	2	0	0	0	0					
50進む	5	60	0	0	0	0	1	128	0	50	0	0	0	0	0					
90旋回	3	0	150	0	0	0	1	32	0	0	90	0	0	0	0					
50進む	1	60	0	3.6	0	100	1	128	0	500	0	0	0	0	0					
青検知	1	60	0	3.6	0	100	1	16	0	0	0	3	0	0	0	0					
直線	1	60	0	3.6	0	100	1	128	0	800	0	0	0	0	0					
ゴールイン	5	60	0	0	0	0	1	128	0	130	0	0	0	0	0					
g	2	0	0	3.6	0	0	1	128	0	1000	0	0	0	0	0					
